TF	T150133_1.02
TF Name	tbx-33
Gene	Y66A7A.8
Motif	M1636_1.02
Family	T-box
Species	Caenorhabditis_elegans
Pos	A	C	G	T
1	0.790489505789861	0.0385768510046048	0.073160260306122	0.097773382899412
2	0.161357830814295	0.166271908350652	0.0309887566717631	0.64138150416329
3	0.0921312881805715	0.562963393118996	0.118298915691042	0.22660640300939
4	0.121699780229326	0.0236073285222151	0.380527022797908	0.474165868450551
5	0.157431262277995	0.379550983950504	0.0640067747466255	0.399010979024876
6	0.0533760985224855	0.860370449804009	0.0210597377205143	0.0651937139529908
7	0.790620941207926	0.00887127597642278	0.00160451036146428	0.198903272454186
8	0.0440684196571656	0.649201676420512	0.26131940108266	0.0454105028396625
9	0.519607892391201	0.282329399937812	0.0761781346271276	0.12188457304386


TF	T149062_1.02
TF Name	tbx-38
Gene	C24H11.3
Motif	M1624_1.02
Family	T-box
Species	Caenorhabditis_elegans
Pos	A	C	G	T
1	0.32170746656009	0.217814251826243	0.263391796376448	0.19708648523722
2	0.435792897715553	0.0742299067989639	0.266978231560749	0.222998963924733
3	0.333886837168546	0.0985734666913096	0.450700087862823	0.116839608277321
4	0.101396083751251	0.0579183620829654	0.779797654159035	0.0608879000067485
5	0.0655499082822414	0.0426408114989737	0.0180439745882449	0.87376530563054
6	0.0996703927135898	0.00979496687439684	0.85565620752661	0.0348784328854031
7	0.183653985764183	0.282323471325118	0.0495535288051267	0.484469014105573
8	0.0999252881093258	0.124514576305645	0.490008524347264	0.285551611237765
9	0.812640068723709	0.0194975397755015	0.105666540580702	0.0621958509200873
10	0.436276738608372	0.163739502197511	0.199991879597059	0.199991879597059


TF	T150134_1.02
TF Name	tbx-39
Gene	Y73F8A.16
Motif	M1637_1.02
Family	T-box
Species	Caenorhabditis_elegans
Pos	A	C	G	T
1	0.229316793089786	0.229316793089786	0.229316793089786	0.312049623480412
2	0.229316793089786	0.229316793089786	0.312049623480412	0.229316793089786
3	0.187121974292296	0.187121974292296	0.187121974292296	0.438634079872882
4	0.432915333566593	0.0721680731824051	0.422748522818368	0.0721680731824051
5	0.000177035171099447	0.999468897236472	0.000177035171099447	0.000177035171099447
6	0.000177035171099447	0.743787773494347	0.000177035171099447	0.255858158913224
7	0.999468897236472	0.000177035171099447	0.000177035171099447	0.000177035171099447
8	0.999468897236472	0.000177035171099447	0.000177035171099447	0.000177035171099447
9	0.0208602427687557	0.0935210530538238	0.864758464158435	0.0208602427687557
10	0.0208602427687557	0.0208602427687557	0.0208602427687557	0.937419274443504
11	0.0630550615662459	0.0630550615662459	0.0630550615662459	0.810834818051032
12	0.380148496973782	0.178008962676137	0.178008962676137	0.263833580423715


TF	T150135_1.02
TF Name	tbx-40
Gene	Y73F8A.17
Motif	M1638_1.02
Family	T-box
Species	Caenorhabditis_elegans
Pos	A	C	G	T
1	0.17980452609208	0.17980452609208	0.17980452609208	0.460586425178207
2	0.0884725177860611	0.359005209580269	0.464049758302053	0.0884725177860611
3	0.0187365753524934	0.0187365753524934	0.0187365753524934	0.943790277396964
4	0.657485898329235	8.53074391814901e-05	0.185215252220231	0.157213545465798
5	8.53074391814901e-05	0.999744081136903	8.53074391814901e-05	8.53074391814901e-05
6	8.53074391814901e-05	0.92392599617989	8.53074391814901e-05	0.0759033923961919
7	0.999744081136903	8.53074391814901e-05	8.53074391814901e-05	8.53074391814901e-05
8	0.999744081136903	8.53074391814901e-05	8.53074391814901e-05	8.53074391814901e-05
9	0.146398450900929	0.0702807822107132	0.71303998813209	0.0702807822107132
10	0.161612790516731	0.161612790516731	0.161612790516731	0.515161631904251
11	0.2313487329503	0.2313487329503	0.2313487329503	0.305953804603547


TF	T150128_1.02
TF Name	tbx-43
Gene	Y46E12A.4
Motif	M1635_1.02
Family	T-box
Species	Caenorhabditis_elegans
Pos	A	C	G	T
1	0.346729173115995	0.162153593552069	0.270032951547838	0.221084281784098
2	0.639473765064567	0.0276782137515756	0.198471516521828	0.134376504662029
3	0.146662139370188	0.0590350638541701	0.697938904508352	0.0963638922672894
4	0.0307871915124829	0.0247072999261563	0.895246180919827	0.0492593276415337
5	0.00772346393762675	0.0435653870336519	0.000797927897495305	0.947913221131226
6	0.0191599070923429	0.0381994043810473	0.909431721739832	0.0332089667867778
7	0.110081389418217	0.165872595373818	0.0309143351245653	0.6931316800834
8	0.0436937670019494	0.259097764631053	0.467409365803329	0.229799102563669
9	0.872395918541122	0.0137528126092077	0.0509703125499228	0.0628809562997477
10	0.596926933307976	0.13186711571405	0.106889406563127	0.164316544414847


