Pos	A	C	G	T
1	0.259111279	0.218603069	0.241593755	0.280691897
2	0.227954012	0.262209527	0.239641464	0.270194996
3	0.343013315	0.106459993	0.49659225	0.053934442
4	0.238807481	0.129756252	0.044064643	0.587371624
5	0.586792559	0.294321105	0.041045096	0.07784124
6	0.799745605	0.117248274	0.029793602	0.053212519
7	0.865619809	0.030067528	0.05007119	0.054241473
8	0.033722552	0.691018644	0.013305358	0.261953447
9	0.852963786	0.038811519	0.039595564	0.068629131
10	0.355569574	0.215663848	0.19514072	0.233625858
