Pos	A	C	G	T
1	0.597484277	0.135220126	0.194968553	0.072327044
2	0.745283019	0.037735849	0.122641509	0.094339623
3	0.657232704	0.075471698	0.172955975	0.094339623
4	0.842767296	0	0.050314465	0.106918239
5	0.100628931	0.113207547	0.081761006	0.704402516
6	0	0.053459119	0.946540881	0
7	0.833333333	0.110062893	0.01572327	0.040880503
8	0.062893082	0	0	0.937106918
9	0	0	1	0
10	1	0	0	0
11	0.097484277	0.562893082	0.06918239	0.270440252
12	0.783018868	0	0.088050314	0.128930818
13	0.754716981	0	0	0.245283019
14	0.437106918	0.050314465	0.066037736	0.446540881
15	0.289308176	0.116352201	0.166666667	0.427672956
