Pos	A	C	G	T
1	0.384634725	0.114697029	0.276523033	0.224145214
2	0.169099228	0.208614007	0.267865688	0.354421077
3	0.2062099	0.15899847	0.543970263	0.090821367
4	0.571754584	0.194165299	0.190320568	0.043759549
5	0.08391483	0.008002887	0.001390693	0.906691589
6	0.06642277	0.01704812	0.739548545	0.176980565
7	0.973107902	0.003159757	0.010918897	0.012813445
8	0.057275428	0.532653812	0.083752976	0.326317784
9	0.441071821	0.06402078	0.202189974	0.292717424
10	0.400345619	0.162768382	0.137321957	0.299564041
