Pos	A	C	G	T
1	0.321707467	0.217814252	0.263391796	0.197086485
2	0.435792898	0.074229907	0.266978232	0.222998964
3	0.333886837	0.098573467	0.450700088	0.116839608
4	0.101396084	0.057918362	0.779797654	0.0608879
5	0.065549908	0.042640811	0.018043975	0.873765306
6	0.099670393	0.009794967	0.855656208	0.034878433
7	0.183653986	0.282323471	0.049553529	0.484469014
8	0.099925288	0.124514576	0.490008524	0.285551611
9	0.812640069	0.01949754	0.105666541	0.062195851
10	0.436276739	0.163739502	0.19999188	0.19999188
