Pos	A	C	G	T
1	0.229316793	0.229316793	0.229316793	0.312049623
2	0.229316793	0.229316793	0.312049623	0.229316793
3	0.187121974	0.187121974	0.187121974	0.43863408
4	0.432915334	0.072168073	0.422748523	0.072168073
5	0.000177035	0.999468897	0.000177035	0.000177035
6	0.000177035	0.743787773	0.000177035	0.255858159
7	0.999468897	0.000177035	0.000177035	0.000177035
8	0.999468897	0.000177035	0.000177035	0.000177035
9	0.020860243	0.093521053	0.864758464	0.020860243
10	0.020860243	0.020860243	0.020860243	0.937419274
11	0.063055062	0.063055062	0.063055062	0.810834818
12	0.380148497	0.178008963	0.178008963	0.26383358
