Pos	A	C	G	T
1	0.179804526	0.179804526	0.179804526	0.460586425
2	0.088472518	0.35900521	0.464049758	0.088472518
3	0.018736575	0.018736575	0.018736575	0.943790277
4	0.657485898	8.53E-05	0.185215252	0.157213545
5	8.53E-05	0.999744081	8.53E-05	8.53E-05
6	8.53E-05	0.923925996	8.53E-05	0.075903392
7	0.999744081	8.53E-05	8.53E-05	8.53E-05
8	0.999744081	8.53E-05	8.53E-05	8.53E-05
9	0.146398451	0.070280782	0.713039988	0.070280782
10	0.161612791	0.161612791	0.161612791	0.515161632
11	0.231348733	0.231348733	0.231348733	0.305953805
