Pos	A	C	G	T
1	0.346729173	0.162153594	0.270032952	0.221084282
2	0.639473765	0.027678214	0.198471517	0.134376505
3	0.146662139	0.059035064	0.697938905	0.096363892
4	0.030787192	0.0247073	0.895246181	0.049259328
5	0.007723464	0.043565387	0.000797928	0.947913221
6	0.019159907	0.038199404	0.909431722	0.033208967
7	0.110081389	0.165872595	0.030914335	0.69313168
8	0.043693767	0.259097765	0.467409366	0.229799103
9	0.872395919	0.013752813	0.050970313	0.062880956
10	0.596926933	0.131867116	0.106889407	0.164316544
