TF	T082933_1.02
TF Name	daf-16
Gene	R13H8.1
Motif	M0748_1.02
Family	Forkhead
Species	Caenorhabditis_elegans
Pos	A	C	G	T
1	0.259111278606702	0.218603069350053	0.241593754843673	0.280691897199571
2	0.22795401205651	0.262209527406788	0.239641464175937	0.270194996360765
3	0.34301331518142	0.106459993467226	0.496592249647534	0.0539344417038197
4	0.238807481182747	0.129756252455504	0.0440646427663811	0.587371623595367
5	0.586792558979777	0.294321105124583	0.0410450960520688	0.0778412398435707
6	0.799745605183865	0.117248273691121	0.0297936023473583	0.0532125187776555
7	0.865619809135284	0.03006752823507	0.0500711900193365	0.0542414726103099
8	0.0337225517325992	0.691018643535557	0.0133053579113849	0.261953446820459
9	0.852963785863363	0.0388115193134007	0.039595564011872	0.0686291308113645
10	0.35556957406457	0.215663848349334	0.195140719707405	0.233625857878691


TF	T082933_1.02
TF Name	daf-16
Gene	R13H8.1
Motif	M2595_1.02
Family	Forkhead
Species	Caenorhabditis_elegans
Pos	A	C	G	T
1	0.363636363636364	0.0454545454545455	0.454545454545455	0.136363636363636
2	0.304347826086957	0.130434782608696	0.217391304347826	0.347826086956522
3	0.208333333333333	0.25	0.125	0.416666666666667
4	0.16	0.0	0.84	0.0
5	0.04	0.08	0.0	0.88
6	1.0	0.0	0.0	0.0
7	0.96	0.0	0.04	0.0
8	1.0	0.0	0.0	0.0
9	0.0	0.96	0.0	0.04
10	1.0	0.0	0.0	0.0
11	0.92	0.04	0.0	0.04
12	0.2	0.48	0.16	0.16
13	0.416666666666667	0.291666666666667	0.125	0.166666666666667
14	0.304347826086957	0.391304347826087	0.130434782608696	0.173913043478261


TF	T106439_1.02
TF Name	hsf-1
Gene	Y53C10A.12
Motif	M1251_1.02
Family	HSF
Species	Caenorhabditis_elegans
Pos	A	C	G	T
1	0.00490196078431373	0.00490196078431373	0.00490196078431373	0.985294117647059
2	0.00490196078431373	0.00490196078431373	0.00490196078431373	0.985294117647059
3	0.00490196078431373	0.985294117647059	0.00490196078431373	0.00490196078431373
4	0.00490196078431373	0.00490196078431373	0.00490196078431373	0.985294117647059
5	0.495098039215686	0.00490196078431373	0.495098039215686	0.00490196078431373
6	0.00490196078431373	0.00490196078431373	0.985294117647059	0.00490196078431373
7	0.985294117647059	0.00490196078431373	0.00490196078431373	0.00490196078431373
8	0.985294117647059	0.00490196078431373	0.00490196078431373	0.00490196078431373


TF	T028060_1.02
TF Name	skn-1
Gene	T19E7.2
Motif	M0343_1.02
Family	bZIP
Species	Caenorhabditis_elegans
Pos	A	C	G	T
1	0.384634725027227	0.114697028600819	0.276523032539547	0.224145213832407
2	0.169099227854075	0.2086140073518	0.267865687705486	0.354421077088639
3	0.206209899807124	0.158998470261659	0.543970262571072	0.0908213673601447
4	0.571754584283803	0.194165298625174	0.190320568115248	0.0437595489757745
5	0.0839148302595845	0.00800288706249259	0.00139069324424888	0.906691589433674
6	0.0664227704058697	0.0170481198636936	0.739548544545562	0.176980565184875
7	0.973107901801163	0.00315975651684264	0.0109188971626866	0.0128134445193081
8	0.0572754282029024	0.532653811731479	0.083752976008976	0.326317784056643
9	0.441071821094266	0.0640207802545898	0.202189974233586	0.292717424417558
10	0.400345619190026	0.162768382197467	0.137321957318258	0.299564041294249


TF	T028060_1.02
TF Name	skn-1
Gene	T19E7.2
Motif	M2340_1.02
Family	bZIP
Species	Caenorhabditis_elegans
Pos	A	C	G	T
1	0.597484276729562	0.13522012578616	0.194968553459121	0.0723270440251572
2	0.745283018867925	0.0377358490566043	0.122641509433961	0.0943396226415097
3	0.657232704402515	0.0754716981132075	0.172955974842769	0.0943396226415083
4	0.842767295597484	0.0	0.0503144654088052	0.106918238993711
5	0.10062893081761	0.11320754716981	0.0817610062893082	0.704402515723271
6	0.0	0.0534591194968553	0.946540880503145	0.0
7	0.833333333333333	0.11006289308176	0.0157232704402521	0.0408805031446542
8	0.0628930817610062	0.0	0.0	0.937106918238994
9	0.0	0.0	1.0	0.0
10	1.0	0.0	0.0	0.0
11	0.0974842767295593	0.562893081761006	0.0691823899371065	0.270440251572328
12	0.783018867924531	0.0	0.0880503144654091	0.12893081761006
13	0.75471698113208	0.0	0.0	0.24528301886792
14	0.437106918238994	0.0503144654088054	0.0660377358490575	0.446540880503144
15	0.28930817610063	0.11635220125786	0.16666666666667	0.42767295597484


TF	T028060_1.02
TF Name	skn-1
Gene	T19E7.2
Motif	M2596_1.02
Family	bZIP
Species	Caenorhabditis_elegans
Pos	A	C	G	T
1	0.368421052631579	0.0	0.263157894736842	0.368421052631579
2	0.157894736842105	0.0526315789473684	0.421052631578947	0.368421052631579
3	0.210526315789474	0.263157894736842	0.473684210526316	0.0526315789473684
4	1.0	0.0	0.0	0.0
5	0.0	0.0	0.0	1.0
6	0.0	0.0	1.0	0.0
7	1.0	0.0	0.0	0.0
8	0.0	1.0	0.0	0.0
9	0.736842105263158	0.0526315789473684	0.0526315789473684	0.157894736842105
10	0.421052631578947	0.0526315789473684	0.0526315789473684	0.473684210526316
11	0.210526315789474	0.0526315789473684	0.210526315789474	0.526315789473684
12	0.473684210526316	0.0526315789473684	0.315789473684211	0.157894736842105


TF	T028060_1.02
TF Name	skn-1
Gene	T19E7.2
Motif	M2597_1.02
Family	bZIP
Species	Caenorhabditis_elegans
Pos	A	C	G	T
1	0.357142857142857	0.142857142857143	0.142857142857143	0.357142857142857
2	0.214285714285714	0.0714285714285714	0.285714285714286	0.428571428571429
3	0.285714285714286	0.285714285714286	0.428571428571429	0.0
4	1.0	0.0	0.0	0.0
5	0.0	0.0	0.0	1.0
6	0.0	0.0	1.0	0.0
7	1.0	0.0	0.0	0.0
8	0.0	0.0	0.0	1.0
9	0.538461538461538	0.0	0.153846153846154	0.307692307692308
10	0.428571428571429	0.142857142857143	0.0714285714285714	0.357142857142857
11	0.428571428571429	0.0714285714285714	0.0	0.5
12	0.153846153846154	0.153846153846154	0.461538461538462	0.230769230769231


TF	T082661_1.02
TF Name	pha-4
Gene	F38A6.1
Motif	M2339_1.02
Family	Forkhead
Species	Caenorhabditis_elegans
Pos	A	C	G	T
1	0.57920792079208	0.07029702970297	0.0	0.35049504950495
2	0.528712871287127	0.0	0.466336633663368	0.00495049504950498
3	0.531683168316831	0.0	0.0782178217821781	0.390099009900991
4	0.040594059405941	0.0	0.959405940594059	0.0
5	0.0	0.4029702970297	0.0	0.5970297029703
6	0.85346534653465	0.14653465346535	0.0	0.0
7	1.0	0.0	0.0	0.0
8	1.0	0.0	0.0	0.0
9	0.0	0.61683168316832	0.0	0.38316831683168
10	1.0	0.0	0.0	0.0


TF	T082661_1.02
TF Name	pha-4
Gene	F38A6.1
Motif	M4712_1.02
Family	Forkhead
Species	Caenorhabditis_elegans
Pos	A	C	G	T
1	0.128701871298129	0.048974951025049	0.742596257403743	0.0797269202730797
2	0.165148	0.099089	0.069476	0.666287
3	0.82004517995482	0.0808659191340809	0.0546699453300547	0.0444189555810444
4	0.898633	0.041002	0.031891	0.028474
5	0.904328	0.02164	0.027335	0.046697
6	0.151481	0.657175	0.06492	0.126424
7	0.875854	0.023918	0.035308	0.06492
8	0.189066	0.075171	0.600228	0.135535


